107	125	120	322	417	154	133	16	2	19	18	17	16	15	17	17	16:40:907	0
32	87	87	213	349	126	108	3	3	19	18	17	16	15	17	17	16:40:984	0
78	99	104	261	373	141	124	5	4	19	18	17	16	15	17	17	16:41:5	0
101	121	126	294	399	157	133	7	12	19	18	17	16	15	17	17	16:41:58	0
94	121	127	295	400	158	133	6	13	19	18	17	16	15	17	17	16:41:148	0
92	108	124	295	400	159	134	8	14	19	18	17	16	15	17	17	16:41:291	0
89	106	125	295	399	161	137	8	15	19	18	17	16	15	17	17	16:41:430	0
96	107	126	294	398	161	136	8	16	19	18	17	16	15	17	17	16:41:574	0
75	99	116	272	381	152	124	3	17	19	18	17	16	15	17	17	16:41:713	0
29	80	91	181	316	123	96	0	18	19	18	17	16	15	17	17	16:41:848	0
35	82	90	200	321	124	98	0	19	19	18	17	16	15	17	17	16:41:987	1605
58	81	96	202	307	130	93	0	20	19	18	17	16	15	17	17	16:42:127	0
60	88	119	244	340	154	121	4	21	19	18	17	16	15	17	17	16:42:266	11088
113	127	153	333	408	181	152	17	22	19	18	17	16	15	17	17	16:42:409	26588
188	194	238	416	473	256	225	35	23	19	18	17	16	15	17	17	16:42:548	28470
176	214	256	450	503	277	251	37	24	19	18	17	16	15	17	17	16:42:683	13980
299	292	347	428	472	360	323	65	25	19	18	17	16	15	17	17	16:42:819	0
300	294	352	435	480	369	336	63	26	19	18	17	16	15	17	17	16:42:963	3336
230	243	324	454	500	356	327	52	27	19	18	17	16	15	17	17	16:43:98	8960
261	249	336	461	507	365	334	61	28	19	18	17	16	15	17	17	16:43:241	3122
253	239	316	474	517	349	320	55	29	19	18	17	16	15	17	17	16:43:381	4620
185	221	283	495	535	317	289	40	30	19	18	17	16	15	17	17	16:43:515	8910
163	174	236	509	545	278	250	20	31	19	18	17	16	15	17	17	16:43:658	5250
71	101	137	384	442	177	153	0	32	19	18	17	16	15	17	17	16:43:793	0
23	91	103	274	367	143	130	0	33	19	18	17	16	15	17	17	16:43:933	0
139	109	134	333	390	168	138	2	34	19	18	17	16	15	17	17	16:44:72	8924
183	89	132	364	418	171	142	11	35	19	18	17	16	15	17	17	16:44:216	11396
163	92	144	377	430	185	156	15	36	19	18	17	16	15	17	17	16:44:351	4980
146	97	153	391	446	198	171	19	37	19	18	17	16	15	17	17	16:44:494	6832
178	107	169	422	473	215	189	25	38	19	18	17	16	15	17	17	16:44:629	12096
188	113	178	438	487	226	202	30	39	19	18	17	16	15	17	17	16:44:772	6398
175	111	183	438	489	234	208	31	40	19	18	17	16	15	17	17	16:44:908	916
170	112	186	439	490	236	209	27	41	19	18	17	16	15	17	17	16:45:47	463
159	112	187	436	486	235	206	24	42	19	18	17	16	15	17	17	16:45:186	0
160	113	188	435	485	234	204	22	43	19	18	17	16	15	17	17	16:45:321	0
157	113	188	431	481	233	202	20	44	19	18	17	16	15	17	17	16:45:461	0
158	110	189	427	478	231	199	18	45	19	18	17	16	15	17	17	16:45:600	0
178	113	192	427	479	237	205	21	46	19	18	17	16	15	17	17	16:45:739	458
197	122	198	432	480	239	209	22	47	19	18	17	16	15	17	17	16:45:878	458
230	145	207	445	491	240	210	23	48	19	18	17	16	15	17	17	16:46:22	5148
281	190	237	451	492	253	220	32	49	19	18	17	16	15	17	17	16:46:157	460
301	235	275	458	494	283	240	44	50	19	18	17	16	15	17	17	16:46:300	900
306	240	292	460	496	303	261	48	51	19	18	17	16	15	17	17	16:46:440	896
253	221	294	468	503	309	268	37	52	19	18	17	16	15	17	17	16:46:579	3262
155	180	277	480	515	298	257	24	53	19	18	17	16	15	17	17	16:46:718	5892
135	164	268	485	520	288	246	16	54	19	18	17	16	15	17	17	16:46:853	2520
134	161	262	487	521	280	238	14	55	19	18	17	16	15	17	17	16:46:997	507
136	163	265	487	520	277	228	6	56	19	18	17	16	15	17	17	16:47:136	0
135	161	261	486	520	274	227	7	57	19	18	17	16	15	17	17	16:47:271	0
138	162	263	487	521	276	229	6	58	19	18	17	16	15	17	17	16:47:410	515
150	166	265	487	521	276	225	4	59	19	18	17	16	15	17	17	16:47:554	0
149	164	265	484	518	276	223	2	60	19	18	17	16	15	17	17	16:47:689	0
143	160	263	472	508	274	216	1	61	19	18	17	16	15	17	17	16:47:832	0
234	207	317	459	491	312	252	6	62	19	18	17	16	15	17	17	16:47:968	0
323	292	396	422	453	377	304	18	63	19	18	17	16	15	17	17	16:48:106	0
402	351	457	321	345	439	366	59	64	19	18	17	16	15	17	17	16:48:246	24278
475	387	485	128	94	466	389	75	65	19	18	17	16	15	17	17	16:48:385	11480
501	401	491	112	66	468	388	87	66	19	18	17	16	15	17	17	16:48:524	11310
488	401	494	121	75	473	392	65	67	19	18	17	16	15	17	17	16:48:664	1287
492	404	495	124	74	473	391	57	68	19	18	17	16	15	17	17	16:48:803	438
492	404	495	111	61	474	392	58	69	19	18	17	16	15	17	17	16:48:942	0
491	406	497	121	71	474	391	54	70	19	18	17	16	15	17	17	16:49:82	886
489	408	498	122	71	476	392	55	71	19	18	17	16	15	17	17	16:49:217	443
491	410	500	110	56	478	394	56	72	19	18	17	16	15	17	17	16:49:360	888
500	415	503	91	36	478	393	57	73	19	18	17	16	15	17	17	16:49:495	1401
502	419	500	112	57	473	385	54	74	19	18	17	16	15	17	17	16:49:638	896
497	419	499	135	89	470	381	50	75	19	18	17	16	15	17	17	16:49:778	0
484	415	497	145	106	470	382	54	76	19	18	17	16	15	17	17	16:49:917	0
496	421	500	108	56	471	380	58	77	19	18	17	16	15	17	17	16:50:52	1332
494	420	498	128	86	468	379	59	78	19	18	17	16	15	17	17	16:50:196	0
473	419	497	170	147	469	381	58	79	19	18	17	16	15	17	17	16:50:335	0
470	418	494	217	208	462	376	59	80	19	18	17	16	15	17	17	16:50:470	0
414	388	464	318	323	431	346	52	81	19	18	17	16	15	17	17	16:50:609	0
293	315	409	424	432	380	308	31	82	19	18	17	16	15	17	17	16:50:749	43709
164	214	326	465	480	326	267	31	83	19	18	17	16	15	17	17	16:50:888	21552
126	180	270	487	505	274	219	13	84	19	18	17	16	15	17	17	16:51:31	12300
70	130	226	483	505	244	198	0	85	19	18	17	16	15	17	17	16:51:166	0
16	80	162	461	490	195	155	0	86	19	18	17	16	15	17	17	16:51:309	0
0	46	112	439	475	161	136	0	87	19	18	17	16	15	17	17	16:51:445	0
1	42	99	453	486	158	136	0	88	19	18	17	16	15	17	17	16:51:584	5346
0	11	56	466	500	120	90	0	89	19	18	17	16	15	17	17	16:51:723	7000
0	1	27	467	504	102	79	0	90	19	18	17	16	15	17	17	16:51:863	2016
0	0	12	469	508	67	52	0	91	19	18	17	16	15	17	17	16:52:2	2032
0	0	7	470	510	56	40	0	92	19	18	17	16	15	17	17	16:52:141	1020
0	0	12	469	509	58	42	0	93	19	18	17	16	15	17	17	16:52:280	0
0	3	18	468	509	63	53	0	94	19	18	17	16	15	17	17	16:52:420	0
0	5	23	468	508	68	64	0	95	19	18	17	16	15	17	17	16:52:554	0
0	9	30	471	510	81	71	0	96	19	18	17	16	15	17	17	16:52:693	1020
0	13	32	471	510	81	74	0	97	19	18	17	16	15	17	17	16:52:834	0
0	25	36	467	506	89	78	0	98	19	18	17	16	15	17	17	16:52:972	0
0	37	48	464	502	95	79	0	99	19	18	17	16	15	17	17	16:53:112	0
0	45	63	454	492	111	93	0	100	19	18	17	16	15	17	17	16:53:252	0
0	57	75	440	481	124	104	0	101	19	18	17	16	15	17	17	16:53:390	0
0	75	99	445	482	144	124	0	102	19	18	17	16	15	17	17	16:53:530	482
6	108	143	457	489	188	157	3	103	19	18	17	16	15	17	17	16:53:669	3402
26	139	193	466	493	224	187	8	104	19	18	17	16	15	17	17	16:53:808	1940
40	158	214	466	491	236	193	8	105	19	18	17	16	15	17	17	16:53:947	0
35	163	224	462	488	242	198	6	106	19	18	17	16	15	17	17	16:54:87	0
29	164	230	463	488	249	206	9	107	19	18	17	16	15	17	17	16:54:226	0
23	154	249	466	493	278	244	15	108	19	18	17	16	15	17	17	16:54:365	2390
12	137	275	470	503	324	311	28	109	19	18	17	16	15	17	17	16:54:509	4910
4	131	287	458	501	353	359	39	110	19	18	17	16	15	17	17	16:54:644	0
16	143	327	437	486	385	389	43	111	19	18	17	16	15	17	17	16:54:782	0
13	144	329	441	489	388	393	39	112	19	18	17	16	15	17	17	16:54:922	1428
15	148	333	442	488	391	395	41	113	19	18	17	16	15	17	17	16:55:61	0
13	146	330	445	490	388	392	39	114	19	18	17	16	15	17	17	16:55:201	954
15	147	331	447	491	387	390	36	115	19	18	17	16	15	17	17	16:55:340	476
16	149	332	446	490	385	388	36	116	19	18	17	16	15	17	17	16:55:479	0
26	170	349	439	482	398	397	41	117	19	18	17	16	15	17	17	16:55:618	0
19	164	338	446	488	388	389	38	118	19	18	17	16	15	17	17	16:55:762	2814
16	156	327	452	493	380	381	35	119	19	18	17	16	15	17	17	16:55:901	2385
25	168	338	455	495	387	387	39	120	19	18	17	16	15	17	17	16:56:37	940
23	164	330	463	501	378	376	35	121	19	18	17	16	15	17	17	16:56:175	2868
23	157	305	476	512	357	350	25	122	19	18	17	16	15	17	17	16:56:314	5379
29	153	281	477	509	333	316	15	123	19	18	17	16	15	17	17	16:56:454	0
32	143	248	476	504	293	264	6	124	19	18	17	16	15	17	17	16:56:593	0
27	129	227	471	499	270	240	4	125	19	18	17	16	15	17	17	16:56:732	0
20	112	210	461	489	261	228	4	126	19	18	17	16	15	17	17	16:56:872	0
32	133	226	470	496	271	239	8	127	19	18	17	16	15	17	17	16:57:7	3416
50	158	238	476	498	267	215	0	128	19	18	17	16	15	17	17	16:57:150	996
72	205	264	488	502	239	147	0	129	19	18	17	16	15	17	17	16:57:286	2008
76	241	287	467	471	218	91	0	130	19	18	17	16	15	17	17	16:57:424	0
57	252	280	430	424	164	32	0	131	19	18	17	16	15	17	17	16:57:564	0
80	260	286	419	407	171	31	0	132	19	18	17	16	15	17	17	16:57:703	0
110	278	305	420	404	190	49	0	133	19	18	17	16	15	17	17	16:57:843	420
122	282	308	424	407	192	47	0	134	19	18	17	16	15	17	17	16:57:982	1696
121	275	303	416	399	189	47	0	135	19	18	17	16	15	17	17	16:58:121	0
137	282	309	414	395	191	54	0	136	19	18	17	16	15	17	17	16:58:261	0
127	273	300	397	373	180	24	0	137	19	18	17	16	15	17	17	16:58:400	0
84	239	280	366	344	164	7	0	138	19	18	17	16	15	17	17	16:58:539	0
64	213	263	398	390	173	34	0	139	19	18	17	16	15	17	17	16:58:678	12736
69	207	274	439	442	199	84	0	140	19	18	17	16	15	17	17	16:58:818	22984
70	204	296	481	491	249	178	0	141	19	18	17	16	15	17	17	16:58:956	24059
103	233	351	489	504	333	279	18	142	19	18	17	16	15	17	17	16:59:96	6318
130	256	385	477	489	375	321	29	143	19	18	17	16	15	17	17	16:59:235	0
128	259	394	471	483	388	334	31	144	19	18	17	16	15	17	17	16:59:375	0
121	257	396	463	477	392	338	32	145	19	18	17	16	15	17	17	16:59:514	0
111	247	384	466	479	384	330	26	146	19	18	17	16	15	17	17	16:59:653	906
112	248	382	452	464	379	323	24	147	19	18	17	16	15	17	17	16:59:792	0
149	281	414	414	428	400	335	28	148	19	18	17	16	15	17	17	16:59:927	0
205	334	459	332	344	434	360	34	149	19	18	17	16	15	17	17	17:0:66	19125
300	386	494	224	208	465	387	42	150	19	18	17	16	15	17	17	17:0:205	15820
330	400	501	196	176	474	393	45	151	19	18	17	16	15	17	17	17:0:346	3192
347	407	505	183	157	477	394	43	152	19	18	17	16	15	17	17	17:0:485	1848
362	413	508	162	123	478	392	42	153	19	18	17	16	15	17	17	17:0:624	1398
368	413	507	165	133	475	387	36	154	19	18	17	16	15	17	17	17:0:763	0
362	412	505	194	173	474	386	33	155	19	18	17	16	15	17	17	17:0:902	0
354	411	503	217	197	472	384	33	156	19	18	17	16	15	17	17	17:1:37	0
340	408	500	246	236	469	383	35	157	19	18	17	16	15	17	17	17:1:180	0
308	391	486	293	286	457	373	30	158	19	18	17	16	15	17	17	17:1:320	0
238	337	442	355	356	418	334	20	159	19	18	17	16	15	17	17	17:1:459	0
159	271	381	416	424	368	300	13	160	19	18	17	16	15	17	17	17:1:603	27948
115	236	356	443	454	357	299	15	161	19	18	17	16	15	17	17	17:1:792	13170
75	172	288	476	493	310	267	6	162	19	18	17	16	15	17	17	17:1:877	18993
73	159	254	489	508	278	242	0	163	19	18	17	16	15	17	17	17:2:16	7620
62	145	229	501	522	253	214	0	164	19	18	17	16	15	17	17	17:2:152	7308
6	112	177	504	530	202	161	0	165	19	18	17	16	15	17	17	17:2:295	4240
5	106	152	471	499	159	104	0	166	19	18	17	16	15	17	17	17:2:434	0
0	110	152	462	493	153	104	0	167	19	18	17	16	15	17	17	17:2:573	0
0	116	165	461	492	168	124	0	168	19	18	17	16	15	17	17	17:2:713	0
0	118	184	461	488	212	170	0	169	19	18	17	16	15	17	17	17:2:848	0
22	119	194	467	493	240	204	0	170	19	18	17	16	15	17	17	17:2:987	2465
33	105	198	470	499	256	228	0	171	19	18	17	16	15	17	17	17:3:126	2994
38	117	190	461	496	255	232	3	172	19	18	17	16	15	17	17	17:3:266	0
31	120	184	432	477	247	226	3	173	19	18	17	16	15	17	17	17:3:404	0
46	134	197	411	455	249	220	2	174	19	18	17	16	15	17	17	17:3:544	0
55	143	203	407	449	255	225	3	175	19	18	17	16	15	17	17	17:3:684	0
62	152	214	407	449	261	234	5	176	19	18	17	16	15	17	17	17:3:818	0
61	157	217	391	438	263	234	5	177	19	18	17	16	15	17	17	17:3:958	0
64	162	219	371	416	261	223	4	178	19	18	17	16	15	17	17	17:4:101	0
87	169	229	377	413	265	228	6	179	19	18	17	16	15	17	17	17:4:236	0
173	221	280	389	415	300	251	16	180	19	18	17	16	15	17	17	17:4:380	798
170	227	280	375	404	302	252	15	181	19	18	17	16	15	17	17	17:4:515	0
157	216	255	299	334	276	225	6	182	19	18	17	16	15	17	17	17:4:658	0
168	219	248	260	289	267	210	3	183	19	18	17	16	15	17	17	17:4:793	0
178	223	249	265	287	258	194	0	184	19	18	17	16	15	17	17	17:4:937	0
200	231	253	249	258	257	183	0	185	19	18	17	16	15	17	17	17:5:72	0
208	233	255	235	240	255	179	0	186	19	18	17	16	15	17	17	17:5:211	510
193	231	255	245	254	259	186	0	187	19	18	17	16	15	17	17	17:5:350	1036
172	221	244	246	257	252	180	0	188	19	18	17	16	15	17	17	17:5:489	771
153	209	233	289	307	239	175	0	189	19	18	17	16	15	17	17	17:5:629	15350
115	175	215	366	389	232	178	0	190	19	18	17	16	15	17	17	17:5:764	31898
107	168	218	403	432	241	187	3	191	19	18	17	16	15	17	17	17:5:907	18447
107	170	223	402	434	248	200	4	192	19	18	17	16	15	17	17	17:6:42	860
112	172	228	404	437	255	207	6	193	19	18	17	16	15	17	17	17:6:182	1293
98	172	233	409	443	268	222	9	194	19	18	17	16	15	17	17	17:6:320	2604
113	184	253	414	448	286	237	15	195	19	18	17	16	15	17	17	17:6:460	2165
121	192	265	415	449	299	249	19	196	19	18	17	16	15	17	17	17:6:604	430
119	192	267	411	446	300	252	20	197	19	18	17	16	15	17	17	17:6:739	0
128	198	271	405	440	303	254	19	198	19	18	17	16	15	17	17	17:6:882	0
124	199	272	401	437	304	254	19	199	19	18	17	16	15	17	17	17:7:21	0
120	194	271	400	436	304	255	20	200	19	18	17	16	15	17	17	17:7:161	0
132	203	279	392	426	310	259	20	201	19	18	17	16	15	17	17	17:7:300	0
175	238	307	380	408	328	281	26	202	19	18	17	16	15	17	17	17:7:439	0
170	242	311	369	398	331	282	24	203	19	18	17	16	15	17	17	17:7:575	0
214	298	366	304	320	375	319	27	204	19	18	17	16	15	17	17	17:7:714	15312
297	377	432	204	189	425	358	33	205	19	18	17	16	15	17	17	17:7:853	26334
326	401	457	169	147	449	383	35	206	19	18	17	16	15	17	17	17:7:992	10550
355	412	468	75	44	458	390	34	207	19	18	17	16	15	17	17	17:8:132	4774
384	421	477	5	0	464	382	29	208	19	18	17	16	15	17	17	17:8:274	4293
393	420	471	49	0	453	368	20	209	19	18	17	16	15	17	17	17:8:410	0
409	412	456	39	0	437	346	35	210	19	18	17	16	15	17	17	17:8:549	0
409	415	460	99	34	443	357	31	211	19	18	17	16	15	17	17	17:8:688	1716
399	411	458	104	43	444	361	34	212	19	18	17	16	15	17	17	17:8:827	0
396	409	457	80	21	445	363	30	213	19	18	17	16	15	17	17	17:8:967	0
401	407	456	92	34	445	364	29	214	19	18	17	16	15	17	17	17:9:106	0
394	405	456	117	57	445	366	29	215	19	18	17	16	15	17	17	17:9:241	0
379	398	453	130	73	445	368	29	216	19	18	17	16	15	17	17	17:9:385	0
379	398	454	125	66	447	371	32	217	19	18	17	16	15	17	17	17:9:524	422
351	397	454	142	89	448	373	31	218	19	18	17	16	15	17	17	17:9:659	0
355	398	455	126	65	449	374	36	219	19	18	17	16	15	17	17	17:9:807	419
374	400	459	121	58	450	375	40	220	19	18	17	16	15	17	17	17:9:941	1676
379	399	458	125	64	448	374	43	221	19	18	17	16	15	17	17	17:10:85	0
382	398	458	121	61	449	375	42	222	19	18	17	16	15	17	17	17:10:224	0
348	388	448	160	111	445	373	38	223	19	18	17	16	15	17	17	17:10:360	0
348	384	446	168	116	445	372	39	224	19	18	17	16	15	17	17	17:10:498	0
370	396	458	136	66	452	377	39	225	19	18	17	16	15	17	17	17:10:638	5028
326	381	447	226	197	444	372	37	226	19	18	17	16	15	17	17	17:10:777	0
50	189	291	412	416	321	274	7	227	19	18	17	16	15	17	17	17:10:917	89571
9	142	230	417	432	284	252	5	228	19	18	17	16	15	17	17	17:11:56	6832
16	150	232	424	441	286	256	8	229	19	18	17	16	15	17	17	17:11:195	3897
32	156	235	434	451	290	261	10	230	19	18	17	16	15	17	17	17:11:334	4410
35	143	225	430	451	286	259	10	231	19	18	17	16	15	17	17	17:11:481	0
41	133	212	421	446	277	251	7	232	19	18	17	16	15	17	17	17:11:613	0
60	111	203	419	445	272	248	5	233	19	18	17	16	15	17	17	17:11:752	0
53	84	189	415	446	274	255	7	234	19	18	17	16	15	17	17	17:11:887	439
64	102	204	419	447	278	256	8	235	19	18	17	16	15	17	17	17:12:27	439
65	106	211	419	447	281	257	8	236	19	18	17	16	15	17	17	17:12:166	0
63	106	212	419	447	282	258	9	237	19	18	17	16	15	17	17	17:12:305	0
52	102	211	417	446	282	257	9	238	19	18	17	16	15	17	17	17:12:445	0
49	101	209	417	446	282	259	9	239	19	18	17	16	15	17	17	17:12:584	0
57	106	212	419	447	282	258	9	240	19	18	17	16	15	17	17	17:12:723	438
60	107	213	421	448	283	259	10	241	19	18	17	16	15	17	17	17:12:862	438
60	108	213	420	448	283	258	10	242	19	18	17	16	15	17	17	17:13:2	0
50	106	213	416	445	282	257	9	243	19	18	17	16	15	17	17	17:13:140	0
52	109	216	408	440	281	252	8	244	19	18	17	16	15	17	17	17:13:276	0
49	116	220	396	427	275	233	4	245	19	18	17	16	15	17	17	17:13:419	0
99	167	262	400	422	299	251	7	246	19	18	17	16	15	17	17	17:13:559	0
297	332	397	240	222	381	304	16	247	19	18	17	16	15	17	17	17:13:698	51435
440	426	476	111	26	438	326	23	248	19	18	17	16	15	17	17	17:13:837	35787
460	434	485	36	0	450	334	16	249	19	18	17	16	15	17	17	17:13:976	4365
463	436	487	6	0	453	334	18	250	19	18	17	16	15	17	17	17:14:111	974
458	435	485	7	0	454	336	26	251	19	18	17	16	15	17	17	17:14:255	0
453	429	480	0	0	449	328	26	252	19	18	17	16	15	17	17	17:14:393	0
441	424	476	3	0	449	330	23	253	19	18	17	16	15	17	17	17:14:529	0
425	422	475	0	0	449	330	29	254	19	18	17	16	15	17	17	17:14:673	0
440	430	480	0	0	450	327	31	255	19	18	17	16	15	17	17	17:14:808	2400
431	428	478	9	0	451	332	28	256	19	18	17	16	15	17	17	17:14:947	0
424	432	482	89	3	460	355	36	257	19	18	17	16	15	17	17	17:15:86	1916
397	420	473	199	94	456	359	39	258	19	18	17	16	15	17	17	17:15:225	0
260	345	402	329	274	399	318	33	259	19	18	17	16	15	17	17	17:15:365	0
109	247	290	346	317	307	240	13	260	19	18	17	16	15	17	17	17:15:504	5661
52	208	240	302	284	278	223	11	261	19	18	17	16	15	17	17	17:15:643	0
62	208	231	228	204	265	216	12	262	19	18	17	16	15	17	17	17:15:783	0
103	220	238	203	168	263	203	7	263	19	18	17	16	15	17	17	17:15:922	0
131	224	249	249	212	276	213	7	264	19	18	17	16	15	17	17	17:16:61	3497
159	226	265	299	267	293	232	10	265	19	18	17	16	15	17	17	17:16:196	14450
208	267	312	322	293	340	275	27	266	19	18	17	16	15	17	17	17:16:340	14711
116	231	285	388	375	331	280	35	267	19	18	17	16	15	17	17	17:16:478	23298
56	173	234	401	399	289	252	14	268	19	18	17	16	15	17	17	17:16:618	5031
56	168	239	423	425	293	257	13	269	19	18	17	16	15	17	17	17:16:753	10712
62	166	238	430	433	293	255	12	270	19	18	17	16	15	17	17	17:16:892	3368
32	141	218	434	437	277	241	8	271	19	18	17	16	15	17	17	17:17:31	1716
7	101	178	428	434	245	217	4	272	19	18	17	16	15	17	17	17:17:175	0
8	84	162	420	425	230	206	2	273	19	18	17	16	15	17	17	17:17:310	0
17	93	173	416	421	236	207	2	274	19	18	17	16	15	17	17	17:17:454	0
30	100	183	412	416	240	206	3	275	19	18	17	16	15	17	17	17:17:589	0
40	91	171	390	387	217	182	2	276	19	18	17	16	15	17	17	17:17:728	0
79	135	218	376	360	253	202	0	277	19	18	17	16	15	17	17	17:17:871	0
267	277	357	327	279	348	277	10	278	19	18	17	16	15	17	17	17:18:7	48233
413	379	437	167	47	414	321	23	279	19	18	17	16	15	17	17	17:18:146	33120
449	400	452	59	0	424	321	22	280	19	18	17	16	15	17	17	17:18:285	6780
462	397	450	12	0	419	304	13	281	19	18	17	16	15	17	17	17:18:424	6006
461	394	448	18	0	418	303	13	282	19	18	17	16	15	17	17	17:18:564	0
461	383	444	16	0	421	310	42	283	19	18	17	16	15	17	17	17:18:703	0
463	380	443	3	0	425	313	46	284	19	18	17	16	15	17	17	17:18:842	926
465	382	446	0	0	426	312	44	285	19	18	17	16	15	17	17	17:18:981	930
464	382	445	2	0	425	311	36	286	19	18	17	16	15	17	17	17:19:125	0
459	379	442	12	0	424	312	31	287	19	18	17	16	15	17	17	17:19:260	0
450	381	445	19	0	428	317	26	288	19	18	17	16	15	17	17	17:19:407	0
449	387	445	21	0	429	318	22	289	19	18	17	16	15	17	17	17:19:538	0
447	387	444	27	0	427	316	21	290	19	18	17	16	15	17	17	17:19:678	0
441	384	440	38	0	424	316	18	291	19	18	17	16	15	17	17	17:19:817	0
423	362	428	79	0	425	324	17	292	19	18	17	16	15	17	17	17:19:960	0
410	356	425	105	11	424	326	18	293	19	18	17	16	15	17	17	17:20:100	0
394	347	418	157	43	420	327	20	294	19	18	17	16	15	17	17	17:20:235	0
355	327	402	219	124	406	324	18	295	19	18	17	16	15	17	17	17:20:374	0
150	211	291	383	338	300	235	0	296	19	18	17	16	15	17	17	17:20:513	62812
62	141	223	431	409	255	198	0	297	19	18	17	16	15	17	17	17:20:653	20688
8	101	168	433	419	199	160	0	298	19	18	17	16	15	17	17	17:20:791	866
0	32	63	456	458	121	87	0	299	19	18	17	16	15	17	17	17:20:931	17862
0	108	128	464	471	153	122	0	300	19	18	17	16	15	17	17	17:21:71	6123
2	131	141	462	472	160	127	2	301	19	18	17	16	15	17	17	17:21:206	470
0	160	167	452	462	178	140	1	302	19	18	17	16	15	17	17	17:21:345	0
1	152	169	447	458	183	148	0	303	19	18	17	16	15	17	17	17:21:488	0
0	95	143	442	454	184	153	0	304	19	18	17	16	15	17	17	17:21:628	0
0	83	145	449	460	185	157	0	305	19	18	17	16	15	17	17	17:21:763	2760
0	65	132	457	469	181	157	0	306	19	18	17	16	15	17	17	17:21:905	4221
0	60	128	463	474	173	140	0	307	19	18	17	16	15	17	17	17:22:45	2370
0	44	108	465	477	151	122	0	308	19	18	17	16	15	17	17	17:22:184	1431
0	30	78	456	470	126	104	0	309	19	18	17	16	15	17	17	17:22:324	0
0	21	64	453	468	112	97	0	310	19	18	17	16	15	17	17	17:22:463	0
0	62	112	428	441	166	146	0	311	19	18	17	16	15	17	17	17:22:602	0
0	68	130	378	391	185	164	0	312	19	18	17	16	15	17	17	17:22:737	0
0	64	131	364	389	196	181	0	313	19	18	17	16	15	17	17	17:22:876	0
0	64	155	409	442	244	243	4	314	19	18	17	16	15	17	17	17:23:15	23426
0	17	130	440	480	271	304	9	315	19	18	17	16	15	17	17	17:23:159	18240
0	0	65	440	490	280	335	8	316	19	18	17	16	15	17	17	17:23:294	4900
0	0	59	442	494	283	345	7	317	19	18	17	16	15	17	17	17:23:437	1976
0	0	76	447	496	285	343	6	318	19	18	17	16	15	17	17	17:23:573	992
0	0	61	437	490	270	331	5	319	19	18	17	16	15	17	17	17:23:712	0
0	0	63	427	484	270	327	4	320	19	18	17	16	15	17	17	17:23:851	0
0	2	81	430	486	281	335	6	321	19	18	17	16	15	17	17	17:23:990	972
0	6	90	434	490	284	339	6	322	19	18	17	16	15	17	17	17:24:129	1960
0	10	91	438	493	287	342	7	323	19	18	17	16	15	17	17	17:24:269	1479
0	12	93	446	498	289	344	7	324	19	18	17	16	15	17	17	17:24:404	2490
39	69	154	492	527	313	370	54	325	19	18	17	16	15	17	17	17:24:543	14152
2	42	125	467	513	296	345	11	326	19	18	17	16	15	17	17	17:24:687	0
0	103	165	460	497	281	295	7	327	19	18	17	16	15	17	17	17:24:822	0
5	141	186	453	479	263	250	7	328	19	18	17	16	15	17	17	17:24:966	0
6	163	205	416	417	225	165	1	329	19	18	17	16	15	17	17	17:25:104	0
17	209	237	419	408	231	154	0	330	19	18	17	16	15	17	17	17:25:244	1257
17	189	203	371	342	167	89	0	331	19	18	17	16	15	17	17	17:25:383	0
13	163	182	323	281	139	55	0	332	19	18	17	16	15	17	17	17:25:522	0
32	167	188	331	266	119	19	0	333	19	18	17	16	15	17	17	17:25:662	2648
43	172	185	337	270	120	28	0	334	19	18	17	16	15	17	17	17:25:801	2022
50	169	176	353	289	111	19	0	335	19	18	17	16	15	17	17	17:25:940	5648
23	145	150	330	258	99	18	0	336	19	18	17	16	15	17	17	17:26:79	0
32	150	154	342	273	104	31	0	337	19	18	17	16	15	17	17	17:26:222	4104
22	130	131	338	265	92	21	0	338	19	18	17	16	15	17	17	17:26:358	0
29	124	121	332	253	83	8	0	339	19	18	17	16	15	17	17	17:26:501	0
43	131	125	333	241	78	0	0	340	19	18	17	16	15	17	17	17:26:641	333
47	136	119	337	234	69	0	0	341	19	18	17	16	15	17	17	17:26:776	1348
42	136	116	334	225	60	0	0	342	19	18	17	16	15	17	17	17:26:916	0
48	145	123	337	225	60	0	0	343	19	18	17	16	15	17	17	17:27:54	1011
49	147	124	335	224	63	0	0	344	19	18	17	16	15	17	17	17:27:194	0
45	144	125	330	221	72	0	0	345	19	18	17	16	15	17	17	17:27:333	0
52	148	132	331	227	77	0	0	346	19	18	17	16	15	17	17	17:27:472	331
59	151	138	341	244	85	0	0	347	19	18	17	16	15	17	17	17:27:611	3410
49	142	140	337	245	92	0	0	348	19	18	17	16	15	17	17	17:27:747	0
59	144	148	341	257	105	14	0	349	19	18	17	16	15	17	17	17:27:890	1364
66	144	160	350	277	121	34	0	350	19	18	17	16	15	17	17	17:28:25	3150
57	150	180	399	340	152	83	0	351	19	18	17	16	15	17	17	17:28:164	19551
39	142	194	434	395	188	132	1	352	19	18	17	16	15	17	17	17:28:308	15155
16	113	191	440	413	201	162	1	353	19	18	17	16	15	17	17	17:28:447	2634
48	144	200	486	477	234	223	10	354	19	18	17	16	15	17	17	17:28:582	21896
38	162	225	513	517	266	263	18	355	19	18	17	16	15	17	17	17:28:721	19960
30	165	229	514	520	270	267	18	356	19	18	17	16	15	17	17	17:28:861	1506
42	168	235	515	521	273	267	18	357	19	18	17	16	15	17	17	17:29:4	503
76	153	223	510	515	268	262	15	358	19	18	17	16	15	17	17	17:29:139	0
14	62	101	419	421	163	150	0	359	19	18	17	16	15	17	17	17:29:279	0
0	0	0	60	82	0	0	0	360	19	18	17	16	15	17	17	17:29:418	0
1023	1023	1023	1023	1023	1023	1023	1023	361	19	18	17	16	15	17	17	17:29:557	0
0	0	0	0	17	0	0	0	362	19	18	17	16	15	17	17	17:29:700	0
0	0	0	0	0	0	0	0	363	19	18	17	16	15	17	17	17:29:835	0
0	0	0	0	0	0	0	0	364	19	18	17	16	15	17	17	17:29:975	0
0	0	0	0	0	0	0	0	365	19	18	17	16	15	17	17	17:30:114	0
0	0	0	0	0	0	0	0	366	19	18	17	16	15	17	17	17:30:253	0
0	0	0	0	0	0	0	0	367	19	18	17	16	15	17	17	17:30:393	0
0	0	0	0	0	0	0	0	368	19	18	17	16	15	17	17	17:30:532	0
0	0	0	0	0	0	0	0	369	19	18	17	16	15	17	17	17:30:671	0
0	0	0	0	0	0	0	0	370	19	18	17	16	15	17	17	17:30:810	0
0	0	0	0	0	0	0	0	371	19	18	17	16	15	17	17	17:30:946	0
0	0	0	0	0	0	0	0	372	19	18	17	16	15	17	17	17:31:88	0
0	0	0	0	0	0	0	0	373	19	18	17	16	15	17	17	17:31:224	0
0	0	0	0	0	0	0	0	374	19	18	17	16	15	17	17	17:31:363	0
0	0	0	0	0	0	0	0	375	19	18	17	16	15	17	17	17:31:503	0
0	0	0	0	0	0	0	0	376	19	18	17	16	15	17	17	17:31:642	0
0	0	0	0	0	0	0	0	377	19	18	17	16	15	17	17	17:31:781	0
0	0	0	0	0	0	0	0	378	19	18	17	16	15	17	17	17:31:920	0
0	0	0	0	0	0	0	0	379	19	18	17	16	15	17	17	17:32:59	0
0	0	0	0	0	0	0	0	380	19	18	17	16	15	17	17	17:32:199	0
0	0	0	0	0	0	0	0	381	19	18	17	16	15	17	17	17:32:338	0
0	0	0	0	0	0	0	0	382	19	18	17	16	15	17	17	17:32:478	0
0	0	0	0	0	0	0	0	383	19	18	17	16	15	17	17	17:32:616	0
0	0	0	0	0	0	0	0	384	19	18	17	16	15	17	17	17:32:755	0
0	0	0	0	0	0	0	0	385	19	18	17	16	15	17	17	17:32:890	0
0	0	0	0	0	0	0	0	386	19	18	17	16	15	17	17	17:33:30	0
0	0	0	0	0	0	0	0	387	19	18	17	16	15	17	17	17:33:170	0
0	0	0	0	0	0	0	0	388	19	18	17	16	15	17	17	17:33:312	0
0	0	0	0	0	0	0	0	389	19	18	17	16	15	17	17	17:33:448	0
0	0	0	0	0	0	0	0	390	19	18	17	16	15	17	17	17:33:587	0
0	0	0	0	0	0	0	0	391	19	18	17	16	15	17	17	17:33:726	0
0	0	0	0	0	0	0	0	392	19	18	17	16	15	17	17	17:33:866	0
0	0	0	0	0	0	0	0	393	19	18	17	16	15	17	17	17:34:5	0
0	0	0	0	0	0	0	0	394	19	18	17	16	15	17	17	17:34:144	0
0	0	0	0	0	0	0	0	395	19	18	17	16	15	17	17	17:34:280	0
0	0	0	0	0	0	0	0	396	19	18	17	16	15	17	17	17:34:423	0
0	0	0	0	0	0	0	0	397	19	18	17	16	15	17	17	17:34:558	0
0	0	0	0	0	0	0	0	398	19	18	17	16	15	17	17	17:34:701	0
0	0	0	0	0	0	0	0	399	19	18	17	16	15	17	17	17:34:836	0
0	0	0	0	0	0	0	0	400	19	18	17	16	15	17	17	17:34:976	0
0	0	0	0	0	0	0	0	401	19	18	17	16	15	17	17	17:35:115	0
0	0	0	0	0	0	0	0	402	19	18	17	16	15	17	17	17:35:254	0
0	0	0	0	0	0	0	0	403	19	18	17	16	15	17	17	17:35:393	0
0	0	0	0	0	0	0	0	404	19	18	17	16	15	17	17	17:35:532	0
0	0	0	0	0	0	0	0	405	19	18	17	16	15	17	17	17:35:672	0
0	0	0	0	0	0	0	0	406	19	18	17	16	15	17	17	17:35:811	0
0	0	0	0	0	0	0	0	407	19	18	17	16	15	17	17	17:35:950	0
0	0	0	5	56	0	0	0	408	19	18	17	16	15	17	17	17:36:86	3136
0	0	16	2	15	21	55	0	409	19	18	17	16	15	17	17	17:36:229	3025
0	5	36	0	0	40	77	0	410	19	18	17	16	15	17	17	17:36:368	1694
0	25	54	154	174	55	86	0	411	19	18	17	16	15	17	17	17:36:503	30276
0	30	74	230	241	79	105	0	412	19	18	17	16	15	17	17	17:36:643	16147
41	66	139	373	370	160	166	9	413	19	18	17	16	15	17	17	17:36:782	52052
127	150	250	469	457	260	236	32	414	19	18	17	16	15	17	17	17:36:921	41952
222	249	360	456	429	345	304	43	415	19	18	17	16	15	17	17	17:37:65	0
271	300	410	419	385	390	336	44	416	19	18	17	16	15	17	17	17:37:200	0
275	304	408	449	418	377	309	29	417	19	18	17	16	15	17	17	17:37:343	12600
192	231	328	453	427	292	222	7	418	19	18	17	16	15	17	17	17:37:478	1784
140	179	282	406	373	240	191	0	419	19	18	17	16	15	17	17	17:37:617	0
153	197	308	379	337	274	214	7	420	19	18	17	16	15	17	17	17:37:757	0
232	267	375	371	314	343	267	26	421	19	18	17	16	15	17	17	17:37:896	23383
282	318	422	317	245	394	313	35	422	19	18	17	16	15	17	17	17:38:36	18189
291	328	430	311	246	400	318	35	423	19	18	17	16	15	17	17	17:38:175	3160
296	331	431	295	225	401	315	33	424	19	18	17	16	15	17	17	17:38:309	398
290	329	429	302	236	399	313	31	425	19	18	17	16	15	17	17	17:38:453	0
287	322	423	313	250	392	304	29	426	19	18	17	16	15	17	17	17:38:592	0
283	318	420	317	256	390	303	30	427	19	18	17	16	15	17	17	17:38:727	0
265	307	412	322	261	386	303	31	428	19	18	17	16	15	17	17	17:38:866	0
244	301	408	331	270	382	300	26	429	19	18	17	16	15	17	17	17:39:9	0
247	306	413	336	279	388	309	32	430	19	18	17	16	15	17	17	17:39:145	1905
262	313	421	307	246	396	315	34	431	19	18	17	16	15	17	17	17:39:285	3096
262	329	433	285	229	408	333	37	432	19	18	17	16	15	17	17	17:39:427	4752
262	339	443	287	241	419	350	41	433	19	18	17	16	15	17	17	17:39:563	4020
258	342	450	290	247	427	361	45	434	19	18	17	16	15	17	17	17:39:703	2835
255	342	451	299	253	431	366	46	435	19	18	17	16	15	17	17	17:39:842	405
251	342	452	309	263	431	367	41	436	19	18	17	16	15	17	17	17:39:981	411
233	325	442	315	271	422	357	39	437	19	18	17	16	15	17	17	17:40:120	0
220	311	430	334	291	410	347	34	438	19	18	17	16	15	17	17	17:40:259	0
233	328	437	349	304	413	350	35	439	19	18	17	16	15	17	17	17:40:398	2814
212	317	424	382	344	401	340	34	440	19	18	17	16	15	17	17	17:40:542	0
132	232	352	436	416	333	283	18	441	19	18	17	16	15	17	17	17:40:673	22572
88	164	283	432	416	253	213	3	442	19	18	17	16	15	17	17	17:40:816	0
59	136	251	405	391	241	213	5	443	19	18	17	16	15	17	17	17:40:952	0
115	173	299	399	376	287	246	18	444	19	18	17	16	15	17	17	17:41:94	0
116	174	298	403	382	288	247	20	445	19	18	17	16	15	17	17	17:41:234	1532
98	162	273	412	395	264	228	12	446	19	18	17	16	15	17	17	17:41:373	3600
102	162	271	415	399	262	228	14	447	19	18	17	16	15	17	17	17:41:513	1203
103	161	272	416	401	265	231	16	448	19	18	17	16	15	17	17	17:41:652	400
104	162	275	416	402	268	234	19	449	19	18	17	16	15	17	17	17:41:796	0
103	161	274	414	399	268	234	19	450	19	18	17	16	15	17	17	17:41:935	0
99	158	269	415	400	265	232	18	451	19	18	17	16	15	17	17	17:42:70	397
97	156	267	416	403	265	232	18	452	19	18	17	16	15	17	17	17:42:209	398
100	157	268	418	404	265	234	19	453	19	18	17	16	15	17	17	17:42:352	798
98	156	267	418	405	266	235	20	454	19	18	17	16	15	17	17	17:42:488	0
93	149	258	417	404	259	231	16	455	19	18	17	16	15	17	17	17:42:626	0
89	142	250	416	404	252	228	15	456	19	18	17	16	15	17	17	17:42:766	0
92	143	250	414	401	253	227	15	457	19	18	17	16	15	17	17	17:42:905	0
95	145	252	414	402	254	229	15	458	19	18	17	16	15	17	17	17:43:44	0
96	145	252	415	403	254	229	16	459	19	18	17	16	15	17	17	17:43:184	399
90	140	248	416	404	251	228	15	460	19	18	17	16	15	17	17	17:43:323	401
88	139	247	418	407	252	230	17	461	19	18	17	16	15	17	17	17:43:466	802
88	137	246	416	406	255	232	20	462	19	18	17	16	15	17	17	17:43:597	0
97	145	252	416	405	257	233	20	463	19	18	17	16	15	17	17	17:43:741	0
97	144	252	416	404	257	232	20	464	19	18	17	16	15	17	17	17:43:880	0
97	143	252	412	399	256	232	19	465	19	18	17	16	15	17	17	17:44:20	0
113	158	266	395	370	268	238	21	466	19	18	17	16	15	17	17	17:44:155	0
101	157	266	397	374	274	243	23	467	19	18	17	16	15	17	17	17:44:298	748
112	161	269	401	377	273	239	22	468	19	18	17	16	15	17	17	17:44:441	1516
118	166	267	411	387	265	229	20	469	19	18	17	16	15	17	17	17:44:576	3910
139	173	270	428	410	265	228	20	470	19	18	17	16	15	17	17	17:44:716	6936
164	182	271	423	400	243	196	10	471	19	18	17	16	15	17	17	17:44:851	0
169	187	270	408	375	232	179	5	472	19	18	17	16	15	17	17	17:44:990	0
126	160	240	390	356	204	163	3	473	19	18	17	16	15	17	17	17:45:133	0
103	143	217	393	360	185	150	0	474	19	18	17	16	15	17	17	17:45:273	1179
104	149	231	389	357	203	168	5	475	19	18	17	16	15	17	17	17:45:408	0
195	227	338	384	339	313	254	29	476	19	18	17	16	15	17	17	17:45:547	0
262	304	432	373	322	414	355	48	477	19	18	17	16	15	17	17	17:45:691	36096
273	328	461	351	300	457	405	60	478	19	18	17	16	15	17	17	17:45:829	11629
284	344	481	279	225	486	436	62	479	19	18	17	16	15	17	17	17:45:969	12296
294	355	493	271	210	496	445	61	480	19	18	17	16	15	17	17	17:46:108	4350
299	363	498	240	180	499	446	56	481	19	18	17	16	15	17	17	17:46:244	1329
323	384	509	217	147	504	443	51	482	19	18	17	16	15	17	17	17:46:391	5038
343	402	516	228	161	502	434	42	483	19	18	17	16	15	17	17	17:46:526	3318
352	410	518	224	147	500	426	40	484	19	18	17	16	15	17	17	17:46:661	956
360	416	519	206	123	499	422	38	485	19	18	17	16	15	17	17	17:46:800	481
381	427	524	148	74	502	421	40	486	19	18	17	16	15	17	17	17:46:944	2420
376	426	522	194	136	496	415	35	487	19	18	17	16	15	17	17	17:47:79	0
341	405	508	276	228	482	408	34	488	19	18	17	16	15	17	17	17:47:218	0
323	390	499	303	259	479	410	39	489	19	18	17	16	15	17	17	17:47:361	0
274	359	483	335	297	469	411	42	490	19	18	17	16	15	17	17	17:47:501	0
159	271	407	419	404	400	348	21	491	19	18	17	16	15	17	17	17:47:636	33432
134	242	381	448	441	370	322	19	492	19	18	17	16	15	17	17	17:47:779	12441
160	259	388	466	454	365	305	13	493	19	18	17	16	15	17	17	17:47:915	8154
0	77	220	496	496	203	202	0	494	19	18	17	16	15	17	17	17:48:54	14880
0	0	2	510	529	32	77	0	495	19	18	17	16	15	17	17	17:48:197	17457
0	0	0	511	534	25	58	0	496	19	18	17	16	15	17	17	17:48:332	2670
0	0	0	514	540	17	37	0	497	19	18	17	16	15	17	17	17:48:475	3240
0	0	0	520	547	1	19	0	498	19	18	17	16	15	17	17	17:48:615	3829
0	0	0	526	556	0	0	0	499	19	18	17	16	15	17	17	17:48:755	5004
0	0	0	529	564	0	0	0	500	19	18	17	16	15	17	17	17:48:894	4512
0	0	0	532	566	0	0	0	0	19	18	17	16	15	17	17	17:49:29	1132
0	0	0	532	565	0	0	0	1	19	18	17	16	15	17	17	17:49:168	0
0	0	0	532	561	0	7	0	2	19	18	17	16	15	17	17	17:49:307	0
0	0	0	531	556	12	27	0	3	19	18	17	16	15	17	17	17:49:451	0
0	0	95	497	518	124	174	0	4	19	18	17	16	15	17	17	17:49:589	0
0	0	22	374	464	184	324	29	5	19	18	17	16	15	17	17	17:49:725	0
0	0	43	365	466	237	383	33	6	19	18	17	16	15	17	17	17:49:864	932
0	0	65	336	452	261	411	32	7	19	18	17	16	15	17	17	17:50:8	0
0	0	60	326	457	251	417	19	8	19	18	17	16	15	17	17	17:50:146	2285
0	0	69	354	470	250	409	20	9	19	18	17	16	15	17	17	17:50:286	6110
0	0	62	372	483	212	385	13	10	19	18	17	16	15	17	17	17:50:421	6279
0	0	62	382	491	204	379	15	11	19	18	17	16	15	17	17	17:50:565	3928
0	0	81	388	493	231	388	22	12	19	18	17	16	15	17	17	17:50:699	986
0	11	110	410	500	254	386	27	13	19	18	17	16	15	17	17	17:50:839	3500
43	103	218	484	513	297	315	40	14	19	18	17	16	15	17	17	17:50:978	6149
93	190	271	483	500	267	243	16	15	19	18	17	16	15	17	17	17:51:118	0
56	150	238	455	472	207	191	5	16	19	18	17	16	15	17	17	17:51:257	0
60	135	221	442	453	181	163	1	17	19	18	17	16	15	17	17	17:51:396	0
33	102	184	407	410	149	143	0	18	19	18	17	16	15	17	17	17:51:535	0
11	64	137	301	285	83	82	0	19	19	18	17	16	15	17	17	17:51:674	0
0	57	107	247	226	57	65	0	20	19	18	17	16	15	17	17	17:51:814	0
0	53	87	193	177	36	38	0	21	19	18	17	16	15	17	17	17:51:949	0
0	55	89	198	173	34	9	0	22	19	18	17	16	15	17	17	17:52:92	990
0	47	86	191	162	35	21	0	23	19	18	17	16	15	17	17	17:52:232	0
0	53	83	194	167	38	33	0	24	19	18	17	16	15	17	17	17:52:367	582
7	73	120	296	273	74	80	0	25	19	18	17	16	15	17	17	17:52:514	30192
22	79	139	330	304	95	95	0	26	19	18	17	16	15	17	17	17:52:649	11220
5	67	128	313	289	99	103	0	27	19	18	17	16	15	17	17	17:52:785	0
19	79	145	344	319	115	113	0	28	19	18	17	16	15	17	17	17:52:928	10664
99	138	250	507	498	245	227	0	29	19	18	17	16	15	17	17	17:53:63	82641
136	133	240	501	499	248	242	8	30	19	18	17	16	15	17	17	17:53:202	0
130	125	199	449	442	188	190	0	31	19	18	17	16	15	17	17	17:53:346	0
0	101	100	302	318	62	101	0	32	19	18	17	16	15	17	17	17:53:485	0
0	124	122	318	332	75	103	0	33	19	18	17	16	15	17	17	17:53:624	4648
0	108	120	328	336	70	88	0	34	19	18	17	16	15	17	17	17:53:763	1344
0	87	111	333	340	51	70	0	35	19	18	17	16	15	17	17	17:53:902	1360
0	72	95	356	368	40	41	0	36	19	18	17	16	15	17	17	17:54:37	10304
0	0	0	409	440	5	0	0	37	19	18	17	16	15	17	17	17:54:178	31680
0	0	73	464	491	76	128	0	38	19	18	17	16	15	17	17	17:54:317	25041
0	7	81	454	480	97	145	0	39	19	18	17	16	15	17	17	17:54:456	0
0	33	88	383	397	82	114	0	40	19	18	17	16	15	17	17	17:54:595	0
0	18	48	333	347	27	46	0	41	19	18	17	16	15	17	17	17:54:734	0
0	0	4	302	335	1	6	0	42	19	18	17	16	15	17	17	17:54:873	0
0	0	0	296	335	0	0	0	43	19	18	17	16	15	17	17	17:55:13	0
0	0	0	317	353	0	0	0	44	19	18	17	16	15	17	17	17:55:151	6354
0	3	29	336	364	14	16	0	45	19	18	17	16	15	17	17	17:55:291	4004
0	0	24	334	363	12	9	0	46	19	18	17	16	15	17	17	17:55:430	0
0	8	33	336	362	18	12	0	47	19	18	17	16	15	17	17	17:55:570	0
0	6	30	333	360	14	9	0	48	19	18	17	16	15	17	17	17:55:709	0
0	3	24	320	347	13	10	0	49	19	18	17	16	15	17	17	17:55:848	0
0	0	8	312	340	2	1	0	50	19	18	17	16	15	17	17	17:55:987	0
0	0	0	333	365	0	0	0	51	19	18	17	16	15	17	17	17:56:123	9125
0	0	18	333	363	17	27	0	52	19	18	17	16	15	17	17	17:56:266	0
0	0	17	339	367	15	23	0	53	19	18	17	16	15	17	17	17:56:405	1468
0	0	24	351	380	21	34	0	54	19	18	17	16	15	17	17	17:56:545	4940
0	0	26	341	370	27	45	0	55	19	18	17	16	15	17	17	17:56:683	0
0	0	11	283	301	11	14	0	56	19	18	17	16	15	17	17	17:56:823	0
0	4	21	213	222	9	12	0	57	19	18	17	16	15	17	17	17:56:958	0
0	22	35	200	199	24	25	0	58	19	18	17	16	15	17	17	17:57:97	0
0	51	99	311	309	58	82	0	59	19	18	17	16	15	17	17	17:57:237	34521
37	85	171	404	403	150	167	6	60	19	18	17	16	15	17	17	17:57:376	37014
43	107	221	464	474	208	234	21	61	19	18	17	16	15	17	17	17:57:515	32163
45	135	252	487	495	229	254	24	62	19	18	17	16	15	17	17	17:57:655	9891
33	123	252	502	513	244	273	29	63	19	18	17	16	15	17	17	17:57:797	8712
42	131	259	505	515	251	279	29	64	19	18	17	16	15	17	17	17:57:933	972
65	157	290	502	509	288	308	37	65	19	18	17	16	15	17	17	17:58:72	0
34	127	268	504	516	267	298	20	66	19	18	17	16	15	17	17	17:58:212	3472
0	19	101	525	551	101	143	0	67	19	18	17	16	15	17	17	17:58:354	19285
0	70	126	476	506	92	129	0	68	19	18	17	16	15	17	17	17:58:494	0
0	0	13	480	520	29	40	0	69	19	18	17	16	15	17	17	17:58:629	7280
0	0	3	464	513	18	20	0	70	19	18	17	16	15	17	17	17:58:773	0
0	0	11	464	510	23	27	0	71	19	18	17	16	15	17	17	17:58:907	0
0	0	30	485	525	34	53	0	72	19	18	17	16	15	17	17	17:59:47	7875
0	0	0	483	533	3	8	0	73	19	18	17	16	15	17	17	17:59:187	4264
0	0	0	451	507	0	0	0	74	19	18	17	16	15	17	17	17:59:326	0
0	0	0	445	505	0	0	0	75	19	18	17	16	15	17	17	17:59:464	0
0	0	0	446	501	0	0	0	76	19	18	17	16	15	17	17	17:59:604	0
0	0	8	465	515	9	4	0	77	19	18	17	16	15	17	17	17:59:739	7210
0	0	16	476	524	15	13	0	78	19	18	17	16	15	17	17	17:59:878	4716
0	0	1	477	525	14	17	0	79	19	18	17	16	15	17	17	18:0:22	525
0	0	0	471	521	10	16	0	80	19	18	17	16	15	17	17	18:0:161	0
0	0	0	439	489	0	0	0	81	19	18	17	16	15	17	17	18:0:300	0
0	0	23	357	396	20	40	0	82	19	18	17	16	15	17	17	18:0:435	0
0	41	82	350	370	57	88	0	83	19	18	17	16	15	17	17	18:0:574	0
0	82	174	451	467	162	190	0	84	19	18	17	16	15	17	17	18:0:718	45299
77	171	285	482	488	263	271	15	85	19	18	17	16	15	17	17	18:0:854	9933
228	314	422	404	342	396	362	32	86	19	18	17	16	15	17	17	18:0:993	53430
325	398	488	258	145	451	392	36	87	19	18	17	16	15	17	17	18:1:132	29832
329	408	496	243	145	462	402	37	88	19	18	17	16	15	17	17	18:1:271	3672
305	401	485	321	233	450	396	31	89	19	18	17	16	15	17	17	18:1:410	0
258	379	458	384	320	422	376	27	90	19	18	17	16	15	17	17	18:1:554	0
234	356	434	418	365	392	349	20	91	19	18	17	16	15	17	17	18:1:689	0
146	292	368	477	444	304	270	0	92	19	18	17	16	15	17	17	18:1:828	28143
75	269	316	506	482	235	213	0	93	19	18	17	16	15	17	17	18:1:967	14674
120	320	329	506	482	230	196	0	94	19	18	17	16	15	17	17	18:2:106	0
77	226	270	495	469	206	184	0	95	19	18	17	16	15	17	17	18:2:246	0
29	181	245	484	463	187	172	0	96	19	18	17	16	15	17	17	18:2:385	0
6	132	211	452	427	156	141	0	97	19	18	17	16	15	17	17	18:2:524	0
0	38	87	416	403	48	67	0	98	19	18	17	16	15	17	17	18:2:664	0
0	58	136	477	473	98	133	0	99	19	18	17	16	15	17	17	18:2:799	29097
0	53	140	491	487	123	167	0	100	19	18	17	16	15	17	17	18:2:942	6874
0	0	30	474	483	35	72	0	101	19	18	17	16	15	17	17	18:3:78	0
0	0	0	467	482	0	0	0	102	19	18	17	16	15	17	17	18:3:221	0
0	0	0	505	528	0	0	0	103	19	18	17	16	15	17	17	18:3:360	24288
0	0	0	513	543	0	0	0	104	19	18	17	16	15	17	17	18:3:499	8145
0	0	0	521	552	0	0	0	105	19	18	17	16	15	17	17	18:3:635	4968
0	0	0	518	557	0	0	0	106	19	18	17	16	15	17	17	18:3:773	2785
0	0	0	521	559	0	0	0	107	19	18	17	16	15	17	17	18:3:913	1118
0	0	0	521	558	0	0	0	108	19	18	17	16	15	17	17	18:4:53	0
0	0	0	525	562	0	0	0	109	19	18	17	16	15	17	17	18:4:192	2248
0	0	0	524	563	0	0	0	110	19	18	17	16	15	17	17	18:4:331	563
0	0	0	526	564	0	0	0	111	19	18	17	16	15	17	17	18:4:470	564
0	0	0	533	559	0	0	0	112	19	18	17	16	15	17	17	18:4:609	0
0	0	0	541	561	0	0	0	113	19	18	17	16	15	17	17	18:4:744	1122
0	46	104	548	553	105	120	0	114	19	18	17	16	15	17	17	18:4:887	0
26	123	197	542	536	194	197	0	115	19	18	17	16	15	17	17	18:5:27	0
87	167	238	540	523	213	202	0	116	19	18	17	16	15	17	17	18:5:162	0
44	116	149	359	272	106	84	0	117	19	18	17	16	15	17	17	18:5:301	0
57	100	119	265	148	49	8	0	118	19	18	17	16	15	17	17	18:5:440	0
26	83	109	239	130	46	2	0	119	19	18	17	16	15	17	17	18:5:579	0
1	63	91	188	105	43	12	0	120	19	18	17	16	15	17	17	18:5:720	0
0	62	91	197	125	41	4	0	121	19	18	17	16	15	17	17	18:5:863	1773
0	68	99	198	119	49	16	0	122	19	18	17	16	15	17	17	18:5:998	198
